x,y,event,endX,endY,Count,WeightedCount,Goals,WeightedExpectedGoals,GoalProbability
0,58,Pass,26,70,1,0,0,0,0
0,60,Pass,26,70,1,0.001,0,0,0
0,62,Pass,26,70,1,0.003,0,0,0
0,64,Pass,26,70,1,0.004,0,0,0
0,66,Pass,26,70,1,0.005,0,0,0
0,68,Pass,26,70,1,0.004,0,0,0
0,70,Pass,26,70,1,0.002,0,0,0
0,72,Pass,26,70,1,0.001,0,0,0
0,74,Pass,26,70,1,0,0,0,0
2,56,Pass,26,70,1,0,0,0,0
2,58,Pass,26,70,1,0.002,0,0,0
2,60,Pass,26,70,1,0.005,0,0,0
2,62,Pass,26,70,1,0.013,0,0,0
2,64,Pass,26,70,1,0.02,0,0,0
2,66,Pass,26,70,1,0.023,0,0,0
2,68,Pass,26,70,1,0.018,0,0,0
2,70,Pass,26,70,1,0.01,0,0,0
2,72,Pass,26,70,1,0.004,0,0,0
2,74,Pass,26,70,1,0.001,0,0,0
2,76,Pass,26,70,1,0,0,0,0
4,54,Pass,26,70,1,0,0,0,0
4,56,Pass,26,70,1,0.001,0,0,0
4,58,Pass,26,70,1,0.005,0,0,0
4,60,Pass,26,70,1,0.018,0,0,0
4,62,Pass,26,70,1,0.043,0,0,0
4,64,Pass,26,70,1,0.07,0,0,0
4,66,Pass,26,70,1,0.079,0,0,0
4,68,Pass,26,70,1,0.062,0,0,0
4,70,Pass,26,70,1,0.034,0,0,0
4,72,Pass,26,70,1,0.013,0,0,0
4,74,Pass,26,70,1,0.004,0,0,0
4,76,Pass,26,70,1,0.001,0,0,0
6,54,Pass,26,70,1,0,0,0,0
6,56,Pass,26,70,1,0.003,0,0,0
6,58,Pass,26,70,1,0.013,0,0,0
6,60,Pass,26,70,1,0.044,0,0,0
6,62,Pass,26,70,1,0.102,0,0,0
6,64,Pass,26,70,1,0.165,0,0,0
6,66,Pass,26,70,1,0.188,0,0,0
6,68,Pass,26,70,1,0.148,0,0,0
6,70,Pass,26,70,1,0.082,0,0,0
6,72,Pass,26,70,1,0.031,0,0,0
6,74,Pass,26,70,1,0.008,0,0,0
6,76,Pass,26,70,1,0.002,0,0,0
6,78,Pass,26,70,1,0,0,0,0
8,54,Pass,26,70,1,0.001,0,0,0
8,56,Pass,26,70,1,0.004,0,0,0
8,58,Pass,26,70,1,0.022,0,0,0
8,60,Pass,26,70,1,0.072,0,0,0
8,62,Pass,26,70,1,0.168,0,0,0
8,64,Pass,26,70,1,0.274,0,0,0
8,66,Pass,26,70,1,0.311,0,0,0
8,68,Pass,26,70,1,0.246,0,0,0
8,70,Pass,26,70,1,0.136,0,0,0
8,72,Pass,26,70,1,0.052,0,0,0
8,74,Pass,26,70,1,0.014,0,0,0
8,76,Pass,26,70,1,0.003,0,0,0
8,78,Pass,26,70,1,0,0,0,0
10,54,Pass,26,70,1,0.001,0,0,0
10,56,Pass,26,70,1,0.005,0,0,0
10,58,Pass,26,70,1,0.025,0,0,0
10,60,Pass,26,70,1,0.083,0,0,0
10,62,Pass,26,70,1,0.195,0,0,0
10,64,Pass,26,70,1,0.317,0,0,0
10,66,Pass,26,70,1,0.359,0,0,0
10,68,Pass,26,70,1,0.284,0,0,0
10,70,Pass,26,70,1,0.157,0,0,0
10,72,Pass,26,70,1,0.06,0,0,0
10,74,Pass,26,70,1,0.016,0,0,0
10,76,Pass,26,70,1,0.003,0,0,0
10,78,Pass,26,70,1,0,0,0,0
12,54,Pass,26,70,1,0.001,0,0,0
12,56,Pass,26,70,1,0.004,0,0,0
12,58,Pass,26,70,1,0.02,0,0,0
12,60,Pass,26,70,1,0.067,0,0,0
12,62,Pass,26,70,1,0.157,0,0,0
12,64,Pass,26,70,1,0.255,0,0,0
12,66,Pass,26,70,1,0.289,0,0,0
12,68,Pass,26,70,1,0.229,0,0,0
12,70,Pass,26,70,1,0.126,0,0,0
12,72,Pass,26,70,1,0.049,0,0,0
12,74,Pass,26,70,1,0.013,0,0,0
12,76,Pass,26,70,1,0.002,0,0,0
12,78,Pass,26,70,1,0,0,0,0
14,54,Pass,26,70,1,0,0,0,0
14,56,Pass,26,70,1,0.002,0,0,0
14,58,Pass,26,70,1,0.011,0,0,0
14,60,Pass,26,70,1,0.038,0,0,0
14,62,Pass,26,70,1,0.088,0,0,0
14,64,Pass,26,70,1,0.143,0,0,0
14,66,Pass,26,70,1,0.162,0,0,0
14,68,Pass,26,70,1,0.128,0,0,0
14,70,Pass,26,70,1,0.071,0,0,0
14,72,Pass,26,70,1,0.027,0,0,0
14,74,Pass,26,70,1,0.007,0,0,0
14,76,Pass,26,70,1,0.001,0,0,0
14,78,Pass,26,70,1,0,0,0,0
16,54,Pass,26,70,1,0,0,0,0
16,56,Pass,26,70,1,0.001,0,0,0
16,58,Pass,26,70,1,0.004,0,0,0
16,60,Pass,26,70,1,0.015,0,0,0
16,62,Pass,26,70,1,0.034,0,0,0
16,64,Pass,26,70,1,0.056,0,0,0
16,66,Pass,26,70,1,0.064,0,0,0
16,68,Pass,26,70,1,0.05,0,0,0
16,70,Pass,26,70,1,0.028,0,0,0
16,72,Pass,26,70,1,0.011,0,0,0
16,74,Pass,26,70,1,0.003,0,0,0
16,76,Pass,26,70,1,0.001,0,0,0
18,56,Pass,26,70,1,0,0,0,0
18,58,Pass,26,70,1,0.001,0,0,0
18,60,Pass,26,70,1,0.004,0,0,0
18,62,Pass,26,70,1,0.009,0,0,0
18,64,Pass,26,70,1,0.015,0,0,0
18,66,Pass,26,70,1,0.017,0,0,0
18,68,Pass,26,70,1,0.014,0,0,0
18,70,Pass,26,70,1,0.008,0,0,0
18,72,Pass,26,70,1,0.003,0,0,0
18,74,Pass,26,70,1,0.001,0,0,0
18,76,Pass,26,70,1,0,0,0,0
20,58,Pass,26,70,1,0,0,0,0
20,60,Pass,26,70,1,0.001,0,0,0
20,62,Pass,26,70,1,0.002,0,0,0
20,64,Pass,26,70,1,0.003,0,0,0
20,66,Pass,26,70,1,0.003,0,0,0
20,68,Pass,26,70,1,0.003,0,0,0
20,70,Pass,26,70,1,0.001,0,0,0
20,72,Pass,26,70,1,0.001,0,0,0
20,74,Pass,26,70,1,0,0,0,0
22,60,Pass,26,70,1,0,0,0,0
22,62,Pass,26,70,2,0,0,0,0
22,64,Pass,26,70,2,0,0,0,0
22,66,Pass,26,70,2,0,0,0,0
22,68,Pass,26,70,2,0,0,0,0
22,70,Pass,26,70,1,0,0,0,0
24,56,Pass,26,70,1,0,0,0,0
24,58,Pass,26,70,1,0,0,0,0
24,60,Pass,26,70,1,0,0,0,0
24,62,Pass,26,70,1,0,0,0,0
24,64,Pass,26,70,1,0,0,0,0
24,66,Pass,26,70,1,0,0,0,0
24,68,Pass,26,70,1,0,0,0,0
24,70,Pass,26,70,1,0,0,0,0
24,72,Pass,26,70,2,0,1,0,0.879
24,74,Pass,26,70,1,0,1,0,0.902
24,76,Pass,26,70,1,0,1,0,0.902
24,78,Pass,26,70,1,0,1,0,0.902
26,54,Pass,26,70,1,0,0,0,0
26,56,Pass,26,70,1,0,0,0,0
26,58,Pass,26,70,1,0,0,0,0
26,60,Pass,26,70,1,0,0,0,0
26,62,Pass,26,70,1,0,0,0,0
26,64,Pass,26,70,1,0.001,0,0,0
26,66,Pass,26,70,1,0,0,0,0
26,68,Pass,26,70,2,0.001,1,0,0.492
26,70,Pass,26,70,2,0.001,1,0,0.807
26,72,Pass,26,70,2,0.002,1,0,0.887
26,74,Pass,26,70,2,0.003,1,0,0.9
26,76,Pass,26,70,1,0.003,1,0,0.902
26,78,Pass,26,70,1,0.002,1,0,0.902
26,80,Pass,26,70,1,0.001,1,0,0.902
28,54,Pass,26,70,1,0,0,0,0
28,56,Pass,26,70,1,0,0,0,0
28,58,Pass,26,70,1,0,0,0,0
28,60,Pass,26,70,1,0.001,0,0,0
28,62,Pass,26,70,1,0.002,0,0,0
28,64,Pass,26,70,1,0.002,0,0,0
28,66,Pass,26,70,2,0.002,1,0,0.188
28,68,Pass,26,70,2,0.003,1,0,0.586
28,70,Pass,26,70,2,0.006,1,0,0.838
28,72,Pass,26,70,2,0.011,1,0,0.893
28,74,Pass,26,70,2,0.016,1,0,0.901
28,76,Pass,26,70,1,0.015,1,0,0.902
28,78,Pass,26,70,1,0.01,1,0,0.902
28,80,Pass,26,70,1,0.005,1,0,0.902
30,52,Pass,26,70,1,0,0,0,0
30,54,Pass,26,70,1,0,0,0,0
30,56,Pass,26,70,1,0,0,0,0
30,58,Pass,26,70,1,0.001,0,0,0
30,60,Pass,26,70,1,0.002,0,0,0
30,62,Pass,26,70,1,0.004,0,0,0
30,64,Pass,26,70,2,0.005,1,0,0.049
30,66,Pass,26,70,2,0.006,1,0,0.261
30,68,Pass,26,70,2,0.01,1,0,0.668
30,70,Pass,26,70,2,0.022,1,0.001,0.859
30,72,Pass,26,70,2,0.043,1,0.001,0.896
30,74,Pass,26,70,2,0.06,1,0.002,0.901
30,76,Pass,26,70,2,0.059,1,0.002,0.902
30,78,Pass,26,70,1,0.04,1,0.001,0.902
30,80,Pass,26,70,1,0.019,1,0.001,0.902
32,52,Pass,26,70,1,0,0,0,0
32,54,Pass,26,70,1,0,0,0,0
32,56,Pass,26,70,1,0,0,0,0
32,58,Pass,26,70,1,0.002,0,0,0
32,60,Pass,26,70,1,0.004,0,0,0
32,62,Pass,26,70,1,0.007,0,0,0
32,64,Pass,26,70,2,0.01,1,0,0.074
32,66,Pass,26,70,2,0.012,1,0,0.348
32,68,Pass,26,70,3,0.024,1,0.001,0.735
32,70,Pass,26,70,2,0.059,1,0.002,0.874
32,72,Pass,26,70,2,0.115,1,0.003,0.898
32,74,Pass,26,70,2,0.162,1,0.005,0.902
32,76,Pass,26,70,2,0.159,1,0.005,0.902
32,78,Pass,26,70,1,0.109,1,0.003,0.902
32,80,Pass,26,70,1,0.052,1,0.001,0.902
34,52,Pass,26,70,1,0,0,0,0
34,54,Pass,26,70,1,0,0,0,0
34,56,Pass,26,70,1,0.001,0,0,0
34,58,Pass,26,70,1,0.002,0,0,0
34,60,Pass,26,70,1,0.005,0,0,0
34,62,Pass,26,70,3,0.009,1,0,0.017
34,64,Pass,26,70,3,0.012,1,0,0.109
34,66,Pass,26,70,3,0.018,1,0,0.444
34,68,Pass,26,70,3,0.042,1,0.001,0.786
34,70,Pass,26,70,3,0.109,1,0.003,0.884
34,72,Pass,26,70,3,0.216,1,0.006,0.9
34,74,Pass,26,70,3,0.304,1,0.009,0.902
34,76,Pass,26,70,2,0.298,1,0.008,0.902
34,78,Pass,26,70,1,0.204,1,0.006,0.902
34,80,Pass,26,70,1,0.098,1,0.003,0.902
36,52,Pass,26,70,1,0,0,0,0
36,54,Pass,26,70,1,0,0,0,0
36,56,Pass,26,70,1,0,0,0,0
36,58,Pass,26,70,1,0.002,0,0,0
36,60,Pass,26,70,2,0.004,0,0,0
36,62,Pass,26,70,3,0.008,1,0,0.027
36,64,Pass,26,70,3,0.011,1,0,0.158
36,66,Pass,26,70,3,0.019,1,0,0.54
36,68,Pass,26,70,3,0.053,1,0.001,0.823
36,70,Pass,26,70,3,0.142,1,0.004,0.89
36,72,Pass,26,70,3,0.283,1,0.008,0.901
36,74,Pass,26,70,3,0.398,1,0.011,0.902
36,76,Pass,26,70,3,0.391,1,0.011,0.902
36,78,Pass,26,70,1,0.268,1,0.008,0.902
36,80,Pass,26,70,1,0.128,1,0.004,0.902
38,52,Pass,26,70,1,0,0,0,0
38,54,Pass,26,70,1,0,0,0,0
38,56,Pass,26,70,1,0,0,0,0
38,58,Pass,26,70,2,0.001,0,0,0
38,60,Pass,26,70,3,0.003,0,0,0
38,62,Pass,26,70,4,0.005,1,0,0.038
38,64,Pass,26,70,4,0.008,1,0,0.206
38,66,Pass,26,70,4,0.016,1,0,0.596
38,68,Pass,26,70,4,0.048,1,0.001,0.835
38,70,Pass,26,70,4,0.13,1,0.004,0.89
38,72,Pass,26,70,5,0.259,1,0.007,0.9
38,74,Pass,26,70,5,0.364,1,0.01,0.902
38,76,Pass,26,70,3,0.357,1,0.01,0.902
38,78,Pass,26,70,2,0.245,1,0.007,0.902
38,80,Pass,26,70,1,0.117,1,0.003,0.902
40,54,Pass,26,70,1,0,0,0,0
40,56,Pass,26,70,2,0,0,0,0
40,58,Pass,26,70,3,0.001,0,0,0
40,60,Pass,26,70,3,0.002,0,0,0
40,62,Pass,26,70,3,0.004,0,0,0
40,64,Pass,26,70,4,0.007,1,0,0.147
40,66,Pass,26,70,4,0.014,1,0,0.441
40,68,Pass,26,70,5,0.034,1,0.001,0.736
40,70,Pass,26,70,5,0.086,1,0.002,0.859
40,72,Pass,26,70,5,0.166,1,0.005,0.892
40,74,Pass,26,70,5,0.232,1,0.007,0.9
40,76,Pass,26,70,5,0.228,1,0.006,0.902
40,78,Pass,26,70,3,0.156,1,0.004,0.902
40,80,Pass,26,70,3,0.074,1,0.002,0.902
42,54,Pass,26,70,1,0,0,0,0
42,56,Pass,26,70,3,0,0,0,0
42,58,Pass,26,70,3,0.001,0,0,0
42,60,Pass,26,70,3,0.003,0,0,0
42,62,Pass,26,70,3,0.008,0,0,0
42,64,Pass,26,70,5,0.017,1,0,0.027
42,66,Pass,26,70,5,0.027,1,0,0.103
42,68,Pass,26,70,5,0.036,1,0,0.315
42,70,Pass,26,70,5,0.052,1,0.001,0.623
42,72,Pass,26,70,5,0.081,1,0.002,0.815
42,74,Pass,26,70,5,0.106,1,0.003,0.879
42,76,Pass,26,70,4,0.102,1,0.003,0.897
42,78,Pass,26,70,4,0.069,1,0.002,0.901
42,80,Pass,26,70,3,0.033,1,0.001,0.902
44,56,Pass,26,70,3,0,0,0,0
44,58,Pass,26,70,3,0.002,0,0,0
44,60,Pass,26,70,3,0.008,0,0,0
44,62,Pass,26,70,3,0.024,0,0,0
44,64,Pass,26,70,5,0.05,1,0,0.003
44,66,Pass,26,70,5,0.072,1,0,0.012
44,68,Pass,26,70,5,0.075,1,0,0.047
44,70,Pass,26,70,5,0.061,1,0,0.166
44,72,Pass,26,70,5,0.047,1,0.001,0.436
44,74,Pass,26,70,4,0.04,1,0.001,0.716
44,76,Pass,26,70,4,0.033,1,0.001,0.848
44,78,Pass,26,70,4,0.022,1,0.001,0.888
44,80,Pass,26,70,3,0.01,1,0,0.901
46,56,Pass,26,70,2,0.001,0,0,0
46,58,Pass,26,70,2,0.004,0,0,0
46,60,Pass,26,70,3,0.018,0,0,0
46,62,Pass,26,70,4,0.052,0,0,0
46,64,Pass,26,70,4,0.107,0,0,0
46,66,Pass,26,70,5,0.154,1,0,0.001
46,68,Pass,26,70,5,0.155,1,0,0.005
46,70,Pass,26,70,5,0.11,1,0,0.02
46,72,Pass,26,70,4,0.057,1,0,0.077
46,74,Pass,26,70,4,0.025,1,0,0.25
46,76,Pass,26,70,4,0.011,1,0,0.548
46,78,Pass,26,70,4,0.005,1,0,0.771
46,80,Pass,26,70,3,0.002,1,0,0.887
48,54,Pass,26,70,1,0,0,0,0
48,56,Pass,26,70,2,0.001,0,0,0
48,58,Pass,26,70,2,0.006,0,0,0
48,60,Pass,26,70,2,0.027,0,0,0
48,62,Pass,26,70,3,0.079,0,0,0
48,64,Pass,26,70,3,0.162,0,0,0
48,66,Pass,26,70,3,0.233,0,0,0
48,68,Pass,26,70,3,0.233,0,0,0
48,70,Pass,26,70,4,0.163,1,0,0.002
48,72,Pass,26,70,4,0.08,1,0,0.008
48,74,Pass,26,70,4,0.028,1,0,0.033
48,76,Pass,26,70,4,0.008,1,0,0.119
48,78,Pass,26,70,4,0.002,1,0,0.322
48,80,Pass,26,70,4,0.001,1,0,0.564
50,54,Pass,26,70,1,0,0,0,0
50,56,Pass,26,70,2,0.001,0,0,0
50,58,Pass,26,70,2,0.007,0,0,0
50,60,Pass,26,70,2,0.028,0,0,0
50,62,Pass,26,70,3,0.083,0,0,0
50,64,Pass,26,70,3,0.171,0,0,0
50,66,Pass,26,70,3,0.246,0,0,0
50,68,Pass,26,70,3,0.246,0,0,0
50,70,Pass,26,70,3,0.172,0,0,0
50,72,Pass,26,70,3,0.084,0,0,0
50,74,Pass,26,70,3,0.029,0,0,0
50,76,Pass,26,70,3,0.007,0,0,0
50,78,Pass,26,70,3,0.001,0,0,0
50,80,Pass,26,70,3,0,0,0,0
52,54,Pass,26,70,1,0,0,0,0
52,56,Pass,26,70,1,0.001,0,0,0
52,58,Pass,26,70,2,0.005,0,0,0
52,60,Pass,26,70,2,0.021,0,0,0
52,62,Pass,26,70,3,0.061,0,0,0
52,64,Pass,26,70,3,0.126,0,0,0
52,66,Pass,26,70,3,0.181,0,0,0
52,68,Pass,26,70,3,0.181,0,0,0
52,70,Pass,26,70,3,0.126,0,0,0
52,72,Pass,26,70,3,0.062,0,0,0
52,74,Pass,26,70,3,0.022,0,0,0
52,76,Pass,26,70,3,0.006,0,0,0
52,78,Pass,26,70,3,0.001,0,0,0
52,80,Pass,26,70,2,0,0,0,0
54,56,Pass,26,70,1,0,0,0,0
54,58,Pass,26,70,2,0.003,0,0,0
54,60,Pass,26,70,2,0.011,0,0,0
54,62,Pass,26,70,3,0.031,0,0,0
54,64,Pass,26,70,3,0.065,0,0,0
54,66,Pass,26,70,3,0.093,0,0,0
54,68,Pass,26,70,3,0.093,0,0,0
54,70,Pass,26,70,3,0.065,0,0,0
54,72,Pass,26,70,3,0.032,0,0,0
54,74,Pass,26,70,3,0.011,0,0,0
54,76,Pass,26,70,3,0.003,0,0,0
54,78,Pass,26,70,3,0.001,0,0,0
54,80,Pass,26,70,1,0,0,0,0
56,56,Pass,26,70,1,0,0,0,0
56,58,Pass,26,70,1,0.001,0,0,0
56,60,Pass,26,70,1,0.004,0,0,0
56,62,Pass,26,70,3,0.011,0,0,0
56,64,Pass,26,70,3,0.023,0,0,0
56,66,Pass,26,70,3,0.033,0,0,0
56,68,Pass,26,70,3,0.033,0,0,0
56,70,Pass,26,70,3,0.023,0,0,0
56,72,Pass,26,70,3,0.011,0,0,0
56,74,Pass,26,70,3,0.004,0,0,0
56,76,Pass,26,70,2,0.001,0,0,0
56,78,Pass,26,70,2,0,0,0,0
56,80,Pass,26,70,1,0,0,0,0
58,58,Pass,26,70,1,0,0,0,0
58,60,Pass,26,70,1,0.001,0,0,0
58,62,Pass,26,70,1,0.003,0,0,0
58,64,Pass,26,70,3,0.006,0,0,0
58,66,Pass,26,70,3,0.008,0,0,0
58,68,Pass,26,70,3,0.008,0,0,0
58,70,Pass,26,70,3,0.006,0,0,0
58,72,Pass,26,70,3,0.003,0,0,0
58,74,Pass,26,70,2,0.001,0,0,0
58,76,Pass,26,70,2,0,0,0,0
58,78,Pass,26,70,1,0,0,0,0
58,80,Pass,26,70,1,0,0,0,0
60,60,Pass,26,70,1,0,0,0,0
60,62,Pass,26,70,1,0,0,0,0
60,64,Pass,26,70,2,0.001,0,0,0
60,66,Pass,26,70,2,0.001,0,0,0
60,68,Pass,26,70,2,0.001,0,0,0
60,70,Pass,26,70,2,0.001,0,0,0
60,72,Pass,26,70,2,0.001,0,0,0
60,74,Pass,26,70,2,0,0,0,0
60,76,Pass,26,70,1,0,0,0,0
60,78,Pass,26,70,1,0,0,0,0
60,80,Pass,26,70,1,0,0,0,0
62,64,Pass,26,70,1,0,0,0,0
62,66,Pass,26,70,2,0,0,0,0
62,68,Pass,26,70,2,0,0,0,0
62,70,Pass,26,70,2,0,0,0,0
62,72,Pass,26,70,1,0,0,0,0
62,74,Pass,26,70,1,0,0,0,0
62,76,Pass,26,70,1,0,0,0,0
62,78,Pass,26,70,1,0,0,0,0
62,80,Pass,26,70,1,0,0,0,0
64,70,Pass,26,70,1,0,0,0,0
64,72,Pass,26,70,1,0,0,0,0
64,74,Pass,26,70,1,0,0,0,0
64,76,Pass,26,70,1,0,0,0,0
