x,y,event,endX,endY,Count,WeightedCount,Goals,WeightedExpectedGoals,GoalProbability
0,58,Pass,32,64,1,0,0,0,0
0,60,Pass,32,64,1,0,0,0,0
0,62,Pass,32,64,1,0.001,0,0,0
0,64,Pass,32,64,1,0.001,0,0,0
0,66,Pass,32,64,1,0.002,0,0,0
0,68,Pass,32,64,1,0.001,0,0,0
0,70,Pass,32,64,1,0.001,0,0,0
0,72,Pass,32,64,1,0,0,0,0
0,74,Pass,32,64,1,0,0,0,0
2,56,Pass,32,64,1,0,0,0,0
2,58,Pass,32,64,1,0.001,0,0,0
2,60,Pass,32,64,1,0.002,0,0,0
2,62,Pass,32,64,1,0.004,0,0,0
2,64,Pass,32,64,1,0.007,0,0,0
2,66,Pass,32,64,1,0.008,0,0,0
2,68,Pass,32,64,1,0.006,0,0,0
2,70,Pass,32,64,1,0.003,0,0,0
2,72,Pass,32,64,1,0.001,0,0,0
2,74,Pass,32,64,1,0,0,0,0
2,76,Pass,32,64,1,0,0,0,0
4,54,Pass,32,64,1,0,0,0,0
4,56,Pass,32,64,1,0,0,0,0
4,58,Pass,32,64,1,0.002,0,0,0
4,60,Pass,32,64,1,0.006,0,0,0
4,62,Pass,32,64,1,0.014,0,0,0
4,64,Pass,32,64,1,0.024,0,0,0
4,66,Pass,32,64,1,0.027,0,0,0
4,68,Pass,32,64,1,0.021,0,0,0
4,70,Pass,32,64,1,0.012,0,0,0
4,72,Pass,32,64,1,0.004,0,0,0
4,74,Pass,32,64,1,0.001,0,0,0
4,76,Pass,32,64,1,0,0,0,0
6,54,Pass,32,64,1,0,0,0,0
6,56,Pass,32,64,1,0.001,0,0,0
6,58,Pass,32,64,1,0.004,0,0,0
6,60,Pass,32,64,1,0.015,0,0,0
6,62,Pass,32,64,1,0.034,0,0,0
6,64,Pass,32,64,1,0.056,0,0,0
6,66,Pass,32,64,1,0.064,0,0,0
6,68,Pass,32,64,1,0.05,0,0,0
6,70,Pass,32,64,1,0.028,0,0,0
6,72,Pass,32,64,1,0.011,0,0,0
6,74,Pass,32,64,1,0.003,0,0,0
6,76,Pass,32,64,1,0.001,0,0,0
6,78,Pass,32,64,1,0,0,0,0
8,54,Pass,32,64,1,0,0,0,0
8,56,Pass,32,64,1,0.002,0,0,0
8,58,Pass,32,64,1,0.007,0,0,0
8,60,Pass,32,64,1,0.024,0,0,0
8,62,Pass,32,64,1,0.057,0,0,0
8,64,Pass,32,64,1,0.093,0,0,0
8,66,Pass,32,64,1,0.105,0,0,0
8,68,Pass,32,64,1,0.083,0,0,0
8,70,Pass,32,64,1,0.046,0,0,0
8,72,Pass,32,64,1,0.018,0,0,0
8,74,Pass,32,64,1,0.005,0,0,0
8,76,Pass,32,64,1,0.001,0,0,0
8,78,Pass,32,64,1,0,0,0,0
10,54,Pass,32,64,1,0,0,0,0
10,56,Pass,32,64,1,0.002,0,0,0
10,58,Pass,32,64,1,0.008,0,0,0
10,60,Pass,32,64,1,0.028,0,0,0
10,62,Pass,32,64,1,0.066,0,0,0
10,64,Pass,32,64,1,0.107,0,0,0
10,66,Pass,32,64,1,0.122,0,0,0
10,68,Pass,32,64,1,0.096,0,0,0
10,70,Pass,32,64,1,0.053,0,0,0
10,72,Pass,32,64,1,0.02,0,0,0
10,74,Pass,32,64,1,0.005,0,0,0
10,76,Pass,32,64,1,0.001,0,0,0
10,78,Pass,32,64,1,0,0,0,0
12,54,Pass,32,64,1,0,0,0,0
12,56,Pass,32,64,1,0.001,0,0,0
12,58,Pass,32,64,1,0.007,0,0,0
12,60,Pass,32,64,1,0.023,0,0,0
12,62,Pass,32,64,1,0.053,0,0,0
12,64,Pass,32,64,1,0.086,0,0,0
12,66,Pass,32,64,1,0.098,0,0,0
12,68,Pass,32,64,1,0.078,0,0,0
12,70,Pass,32,64,1,0.043,0,0,0
12,72,Pass,32,64,1,0.016,0,0,0
12,74,Pass,32,64,1,0.004,0,0,0
12,76,Pass,32,64,1,0.001,0,0,0
12,78,Pass,32,64,1,0,0,0,0
14,54,Pass,32,64,1,0,0,0,0
14,56,Pass,32,64,1,0.001,0,0,0
14,58,Pass,32,64,1,0.004,0,0,0
14,60,Pass,32,64,1,0.013,0,0,0
14,62,Pass,32,64,1,0.03,0,0,0
14,64,Pass,32,64,1,0.049,0,0,0
14,66,Pass,32,64,1,0.055,0,0,0
14,68,Pass,32,64,1,0.044,0,0,0
14,70,Pass,32,64,1,0.024,0,0,0
14,72,Pass,32,64,1,0.009,0,0,0
14,74,Pass,32,64,1,0.002,0,0,0
14,76,Pass,32,64,1,0,0,0,0
14,78,Pass,32,64,1,0,0,0,0
16,54,Pass,32,64,1,0,0,0,0
16,56,Pass,32,64,1,0,0,0,0
16,58,Pass,32,64,1,0.001,0,0,0
16,60,Pass,32,64,1,0.005,0,0,0
16,62,Pass,32,64,1,0.012,0,0,0
16,64,Pass,32,64,1,0.019,0,0,0
16,66,Pass,32,64,1,0.022,0,0,0
16,68,Pass,32,64,1,0.017,0,0,0
16,70,Pass,32,64,1,0.009,0,0,0
16,72,Pass,32,64,1,0.004,0,0,0
16,74,Pass,32,64,1,0.001,0,0,0
16,76,Pass,32,64,1,0,0,0,0
18,56,Pass,32,64,1,0,0,0,0
18,58,Pass,32,64,1,0,0,0,0
18,60,Pass,32,64,1,0.001,0,0,0
18,62,Pass,32,64,1,0.003,0,0,0
18,64,Pass,32,64,1,0.005,0,0,0
18,66,Pass,32,64,1,0.006,0,0,0
18,68,Pass,32,64,1,0.005,0,0,0
18,70,Pass,32,64,1,0.003,0,0,0
18,72,Pass,32,64,1,0.001,0,0,0
18,74,Pass,32,64,1,0,0,0,0
18,76,Pass,32,64,1,0,0,0,0
20,58,Pass,32,64,1,0,0,0,0
20,60,Pass,32,64,1,0,0,0,0
20,62,Pass,32,64,1,0.001,0,0,0
20,64,Pass,32,64,1,0.001,0,0,0
20,66,Pass,32,64,1,0.001,0,0,0
20,68,Pass,32,64,1,0.001,0,0,0
20,70,Pass,32,64,1,0,0,0,0
20,72,Pass,32,64,1,0,0,0,0
20,74,Pass,32,64,1,0,0,0,0
22,60,Pass,32,64,1,0,0,0,0
22,62,Pass,32,64,2,0,0,0,0
22,64,Pass,32,64,2,0,0,0,0
22,66,Pass,32,64,2,0,0,0,0
22,68,Pass,32,64,2,0,0,0,0
22,70,Pass,32,64,1,0,0,0,0
24,56,Pass,32,64,1,0,0,0,0
24,58,Pass,32,64,1,0,0,0,0
24,60,Pass,32,64,1,0.001,0,0,0
24,62,Pass,32,64,1,0.002,0,0,0
24,64,Pass,32,64,1,0.003,0,0,0
24,66,Pass,32,64,1,0.002,0,0,0
24,68,Pass,32,64,1,0.001,0,0,0
24,70,Pass,32,64,1,0.001,0,0,0
24,72,Pass,32,64,2,0,1,0,0.359
24,74,Pass,32,64,1,0,1,0,0.902
24,76,Pass,32,64,1,0,1,0,0.902
24,78,Pass,32,64,1,0,1,0,0.902
26,54,Pass,32,64,1,0,0,0,0
26,56,Pass,32,64,1,0.001,0,0,0
26,58,Pass,32,64,1,0.003,0,0,0
26,60,Pass,32,64,1,0.006,0,0,0
26,62,Pass,32,64,1,0.011,0,0,0
26,64,Pass,32,64,1,0.014,0,0,0
26,66,Pass,32,64,1,0.012,0,0,0
26,68,Pass,32,64,2,0.007,1,0,0.018
26,70,Pass,32,64,2,0.003,1,0,0.115
26,72,Pass,32,64,2,0.002,1,0,0.456
26,74,Pass,32,64,2,0.001,1,0,0.792
26,76,Pass,32,64,1,0.001,1,0,0.902
26,78,Pass,32,64,1,0.001,1,0,0.902
26,80,Pass,32,64,1,0,1,0,0.902
28,54,Pass,32,64,1,0,0,0,0
28,56,Pass,32,64,1,0.003,0,0,0
28,58,Pass,32,64,1,0.009,0,0,0
28,60,Pass,32,64,1,0.023,0,0,0
28,62,Pass,32,64,1,0.04,0,0,0
28,64,Pass,32,64,1,0.049,0,0,0
28,66,Pass,32,64,2,0.042,1,0,0.004
28,68,Pass,32,64,2,0.026,1,0,0.028
28,70,Pass,32,64,2,0.013,1,0,0.165
28,72,Pass,32,64,2,0.008,1,0,0.552
28,74,Pass,32,64,2,0.007,1,0,0.827
28,76,Pass,32,64,1,0.006,1,0,0.902
28,78,Pass,32,64,1,0.004,1,0,0.902
28,80,Pass,32,64,1,0.002,1,0,0.902
30,52,Pass,32,64,1,0,0,0,0
30,54,Pass,32,64,1,0.001,0,0,0
30,56,Pass,32,64,1,0.006,0,0,0
30,58,Pass,32,64,1,0.023,0,0,0
30,60,Pass,32,64,1,0.058,0,0,0
30,62,Pass,32,64,1,0.101,0,0,0
30,64,Pass,32,64,2,0.123,1,0,0.001
30,66,Pass,32,64,2,0.105,1,0,0.006
30,68,Pass,32,64,2,0.065,1,0,0.042
30,70,Pass,32,64,2,0.034,1,0,0.232
30,72,Pass,32,64,2,0.025,1,0.001,0.639
30,74,Pass,32,64,2,0.027,1,0.001,0.852
30,76,Pass,32,64,2,0.025,1,0.001,0.895
30,78,Pass,32,64,1,0.017,1,0,0.902
30,80,Pass,32,64,1,0.008,1,0,0.902
32,52,Pass,32,64,1,0,0,0,0
32,54,Pass,32,64,1,0.002,0,0,0
32,56,Pass,32,64,1,0.011,0,0,0
32,58,Pass,32,64,1,0.04,0,0,0
32,60,Pass,32,64,1,0.101,0,0,0
32,62,Pass,32,64,1,0.176,0,0,0
32,64,Pass,32,64,2,0.216,1,0,0.001
32,66,Pass,32,64,2,0.185,1,0,0.01
32,68,Pass,32,64,3,0.117,1,0,0.064
32,70,Pass,32,64,2,0.069,1,0.001,0.314
32,72,Pass,32,64,2,0.061,1,0.001,0.712
32,74,Pass,32,64,2,0.071,1,0.002,0.869
32,76,Pass,32,64,2,0.067,1,0.002,0.898
32,78,Pass,32,64,1,0.046,1,0.001,0.902
32,80,Pass,32,64,1,0.022,1,0.001,0.902
34,52,Pass,32,64,1,0,0,0,0
34,54,Pass,32,64,1,0.003,0,0,0
34,56,Pass,32,64,1,0.014,0,0,0
34,58,Pass,32,64,1,0.049,0,0,0
34,60,Pass,32,64,1,0.123,0,0,0
34,62,Pass,32,64,3,0.215,1,0,0
34,64,Pass,32,64,3,0.264,1,0,0.002
34,66,Pass,32,64,3,0.228,1,0,0.015
34,68,Pass,32,64,3,0.149,1,0,0.094
34,70,Pass,32,64,3,0.1,1,0.001,0.404
34,72,Pass,32,64,3,0.107,1,0.003,0.766
34,74,Pass,32,64,3,0.131,1,0.004,0.879
34,76,Pass,32,64,2,0.126,1,0.004,0.899
34,78,Pass,32,64,1,0.086,1,0.002,0.902
34,80,Pass,32,64,1,0.041,1,0.001,0.902
36,52,Pass,32,64,1,0,0,0,0
36,54,Pass,32,64,1,0.002,0,0,0
36,56,Pass,32,64,1,0.012,0,0,0
36,58,Pass,32,64,1,0.042,0,0,0
36,60,Pass,32,64,2,0.105,0,0,0
36,62,Pass,32,64,3,0.184,1,0,0.001
36,64,Pass,32,64,3,0.227,1,0,0.004
36,66,Pass,32,64,3,0.2,1,0,0.024
36,68,Pass,32,64,3,0.14,1,0.001,0.134
36,70,Pass,32,64,3,0.111,1,0.002,0.481
36,72,Pass,32,64,3,0.136,1,0.003,0.793
36,74,Pass,32,64,3,0.172,1,0.005,0.882
36,76,Pass,32,64,3,0.165,1,0.005,0.898
36,78,Pass,32,64,1,0.113,1,0.003,0.902
36,80,Pass,32,64,1,0.054,1,0.002,0.902
38,52,Pass,32,64,1,0,0,0,0
38,54,Pass,32,64,1,0.001,0,0,0
38,56,Pass,32,64,1,0.007,0,0,0
38,58,Pass,32,64,2,0.025,0,0,0.001
38,60,Pass,32,64,3,0.064,0,0,0.002
38,62,Pass,32,64,4,0.115,1,0,0.004
38,64,Pass,32,64,4,0.148,1,0,0.011
38,66,Pass,32,64,4,0.143,1,0,0.04
38,68,Pass,32,64,4,0.117,1,0.001,0.161
38,70,Pass,32,64,4,0.108,1,0.002,0.467
38,72,Pass,32,64,5,0.132,1,0.003,0.751
38,74,Pass,32,64,5,0.161,1,0.004,0.861
38,76,Pass,32,64,3,0.152,1,0.004,0.892
38,78,Pass,32,64,2,0.103,1,0.003,0.9
38,80,Pass,32,64,1,0.049,1,0.001,0.902
40,54,Pass,32,64,1,0.001,0,0,0
40,56,Pass,32,64,2,0.003,0,0,0.003
40,58,Pass,32,64,3,0.011,0,0,0.006
40,60,Pass,32,64,3,0.031,0,0,0.011
40,62,Pass,32,64,3,0.065,0,0,0.019
40,64,Pass,32,64,4,0.104,1,0,0.033
40,66,Pass,32,64,4,0.133,1,0,0.059
40,68,Pass,32,64,5,0.139,1,0.001,0.122
40,70,Pass,32,64,5,0.129,1,0.001,0.28
40,72,Pass,32,64,5,0.121,1,0.002,0.54
40,74,Pass,32,64,5,0.119,1,0.003,0.752
40,76,Pass,32,64,5,0.102,1,0.003,0.849
40,78,Pass,32,64,3,0.067,1,0.002,0.883
40,80,Pass,32,64,3,0.032,1,0.001,0.894
42,54,Pass,32,64,1,0,0,0,0
42,56,Pass,32,64,3,0.001,0,0,0.017
42,58,Pass,32,64,3,0.006,0,0,0.027
42,60,Pass,32,64,3,0.02,0,0,0.037
42,62,Pass,32,64,3,0.058,0,0,0.046
42,64,Pass,32,64,5,0.126,1,0,0.054
42,66,Pass,32,64,5,0.202,1,0,0.062
42,68,Pass,32,64,5,0.236,1,0.001,0.077
42,70,Pass,32,64,5,0.205,1,0.001,0.122
42,72,Pass,32,64,5,0.144,1,0.001,0.239
42,74,Pass,32,64,5,0.093,1,0.001,0.449
42,76,Pass,32,64,4,0.06,1,0.001,0.654
42,78,Pass,32,64,4,0.034,1,0.001,0.77
42,80,Pass,32,64,3,0.015,1,0,0.822
44,56,Pass,32,64,3,0.001,0,0,0.039
44,58,Pass,32,64,3,0.005,0,0,0.045
44,60,Pass,32,64,3,0.023,0,0,0.049
44,62,Pass,32,64,3,0.077,0,0,0.052
44,64,Pass,32,64,5,0.183,1,0,0.055
44,66,Pass,32,64,5,0.306,1,0.001,0.057
44,68,Pass,32,64,5,0.363,1,0.001,0.06
44,70,Pass,32,64,5,0.312,1,0.001,0.068
44,72,Pass,32,64,5,0.203,1,0.001,0.091
44,74,Pass,32,64,4,0.11,1,0.001,0.147
44,76,Pass,32,64,4,0.055,1,0,0.237
44,78,Pass,32,64,4,0.025,1,0,0.332
44,80,Pass,32,64,3,0.009,1,0,0.412
46,56,Pass,32,64,2,0.001,0,0,0.039
46,58,Pass,32,64,2,0.006,0,0,0.041
46,60,Pass,32,64,3,0.028,0,0,0.044
46,62,Pass,32,64,4,0.093,0,0,0.046
46,64,Pass,32,64,4,0.218,0,0,0.048
46,66,Pass,32,64,5,0.364,1,0.001,0.05
46,68,Pass,32,64,5,0.435,1,0.001,0.05
46,70,Pass,32,64,5,0.385,1,0.001,0.049
46,72,Pass,32,64,4,0.272,1,0,0.045
46,74,Pass,32,64,4,0.169,1,0,0.041
46,76,Pass,32,64,4,0.094,1,0,0.04
46,78,Pass,32,64,4,0.044,1,0,0.045
46,80,Pass,32,64,3,0.016,1,0,0.055
48,54,Pass,32,64,1,0,0,0,0
48,56,Pass,32,64,2,0.001,0,0,0.027
48,58,Pass,32,64,2,0.006,0,0,0.03
48,60,Pass,32,64,2,0.027,0,0,0.033
48,62,Pass,32,64,3,0.088,0,0,0.036
48,64,Pass,32,64,3,0.203,0,0,0.038
48,66,Pass,32,64,3,0.336,0,0,0.039
48,68,Pass,32,64,3,0.41,0,0.001,0.039
48,70,Pass,32,64,4,0.395,1,0,0.034
48,72,Pass,32,64,4,0.333,1,0,0.024
48,74,Pass,32,64,4,0.256,1,0,0.014
48,76,Pass,32,64,4,0.168,1,0,0.008
48,78,Pass,32,64,4,0.085,1,0,0.005
48,80,Pass,32,64,4,0.031,1,0,0.005
50,54,Pass,32,64,1,0,0,0,0
50,56,Pass,32,64,2,0.001,0,0,0.017
50,58,Pass,32,64,2,0.005,0,0,0.019
50,60,Pass,32,64,2,0.021,0,0,0.022
50,62,Pass,32,64,3,0.067,0,0,0.024
50,64,Pass,32,64,3,0.151,0,0,0.026
50,66,Pass,32,64,3,0.249,0,0,0.027
50,68,Pass,32,64,3,0.319,0,0,0.026
50,70,Pass,32,64,3,0.352,0,0,0.019
50,72,Pass,32,64,3,0.361,0,0,0.011
50,74,Pass,32,64,3,0.327,0,0,0.005
50,76,Pass,32,64,3,0.234,0,0,0.002
50,78,Pass,32,64,3,0.123,0,0,0.001
50,80,Pass,32,64,3,0.046,0,0,0
52,54,Pass,32,64,1,0,0,0,0
52,56,Pass,32,64,1,0,0,0,0
52,58,Pass,32,64,2,0.003,0,0,0.011
52,60,Pass,32,64,2,0.013,0,0,0.013
52,62,Pass,32,64,3,0.04,0,0,0.014
52,64,Pass,32,64,3,0.089,0,0,0.016
52,66,Pass,32,64,3,0.15,0,0,0.016
52,68,Pass,32,64,3,0.208,0,0,0.014
52,70,Pass,32,64,3,0.268,0,0,0.009
52,72,Pass,32,64,3,0.32,0,0,0.004
52,74,Pass,32,64,3,0.318,0,0,0.002
52,76,Pass,32,64,3,0.237,0,0,0.001
52,78,Pass,32,64,3,0.126,0,0,0
52,80,Pass,32,64,2,0.047,0,0,0
54,56,Pass,32,64,1,0,0,0,0
54,58,Pass,32,64,2,0.001,0,0,0.006
54,60,Pass,32,64,2,0.006,0,0,0.007
54,62,Pass,32,64,3,0.018,0,0,0.008
54,64,Pass,32,64,3,0.041,0,0,0.009
54,66,Pass,32,64,3,0.071,0,0,0.008
54,68,Pass,32,64,3,0.11,0,0,0.007
54,70,Pass,32,64,3,0.163,0,0,0.004
54,72,Pass,32,64,3,0.215,0,0,0.002
54,74,Pass,32,64,3,0.223,0,0,0.001
54,76,Pass,32,64,3,0.169,0,0,0
54,78,Pass,32,64,3,0.091,0,0,0
54,80,Pass,32,64,1,0.034,0,0,0
56,56,Pass,32,64,1,0,0,0,0
56,58,Pass,32,64,1,0,0,0,0
56,60,Pass,32,64,1,0.002,0,0,0
56,62,Pass,32,64,3,0.006,0,0,0.004
56,64,Pass,32,64,3,0.014,0,0,0.004
56,66,Pass,32,64,3,0.026,0,0,0.004
56,68,Pass,32,64,3,0.045,0,0,0.003
56,70,Pass,32,64,3,0.074,0,0,0.001
56,72,Pass,32,64,3,0.104,0,0,0.001
56,74,Pass,32,64,3,0.111,0,0,0
56,76,Pass,32,64,2,0.085,0,0,0
56,78,Pass,32,64,2,0.046,0,0,0
56,80,Pass,32,64,1,0.017,0,0,0
58,58,Pass,32,64,1,0,0,0,0
58,60,Pass,32,64,1,0,0,0,0
58,62,Pass,32,64,1,0.001,0,0,0
58,64,Pass,32,64,3,0.004,0,0,0.002
58,66,Pass,32,64,3,0.007,0,0,0.002
58,68,Pass,32,64,3,0.014,0,0,0.001
58,70,Pass,32,64,3,0.024,0,0,0.001
58,72,Pass,32,64,3,0.036,0,0,0
58,74,Pass,32,64,2,0.039,0,0,0
58,76,Pass,32,64,2,0.03,0,0,0
58,78,Pass,32,64,1,0.016,0,0,0
58,80,Pass,32,64,1,0.006,0,0,0
60,60,Pass,32,64,1,0,0,0,0
60,62,Pass,32,64,1,0,0,0,0
60,64,Pass,32,64,2,0.001,0,0,0
60,66,Pass,32,64,2,0.001,0,0,0
60,68,Pass,32,64,2,0.003,0,0,0
60,70,Pass,32,64,2,0.006,0,0,0
60,72,Pass,32,64,2,0.009,0,0,0
60,74,Pass,32,64,2,0.009,0,0,0
60,76,Pass,32,64,1,0.007,0,0,0
60,78,Pass,32,64,1,0.004,0,0,0
60,80,Pass,32,64,1,0.001,0,0,0
62,64,Pass,32,64,1,0,0,0,0
62,66,Pass,32,64,2,0,0,0,0
62,68,Pass,32,64,2,0,0,0,0
62,70,Pass,32,64,2,0.001,0,0,0
62,72,Pass,32,64,1,0.001,0,0,0
62,74,Pass,32,64,1,0.002,0,0,0
62,76,Pass,32,64,1,0.001,0,0,0
62,78,Pass,32,64,1,0.001,0,0,0
62,80,Pass,32,64,1,0,0,0,0
64,70,Pass,32,64,1,0,0,0,0
64,72,Pass,32,64,1,0,0,0,0
64,74,Pass,32,64,1,0,0,0,0
64,76,Pass,32,64,1,0,0,0,0
