x,y,event,endX,endY,Count,WeightedCount,Goals,WeightedExpectedGoals,GoalProbability
0,58,Pass,30,66,1,0,0,0,0
0,60,Pass,30,66,1,0.001,0,0,0
0,62,Pass,30,66,1,0.003,0,0,0
0,64,Pass,30,66,1,0.004,0,0,0
0,66,Pass,30,66,1,0.005,0,0,0
0,68,Pass,30,66,1,0.004,0,0,0
0,70,Pass,30,66,1,0.002,0,0,0
0,72,Pass,30,66,1,0.001,0,0,0
0,74,Pass,30,66,1,0,0,0,0
2,56,Pass,30,66,1,0,0,0,0
2,58,Pass,30,66,1,0.002,0,0,0
2,60,Pass,30,66,1,0.005,0,0,0
2,62,Pass,30,66,1,0.013,0,0,0
2,64,Pass,30,66,1,0.02,0,0,0
2,66,Pass,30,66,1,0.023,0,0,0
2,68,Pass,30,66,1,0.018,0,0,0
2,70,Pass,30,66,1,0.01,0,0,0
2,72,Pass,30,66,1,0.004,0,0,0
2,74,Pass,30,66,1,0.001,0,0,0
2,76,Pass,30,66,1,0,0,0,0
4,54,Pass,30,66,1,0,0,0,0
4,56,Pass,30,66,1,0.001,0,0,0
4,58,Pass,30,66,1,0.005,0,0,0
4,60,Pass,30,66,1,0.018,0,0,0
4,62,Pass,30,66,1,0.043,0,0,0
4,64,Pass,30,66,1,0.07,0,0,0
4,66,Pass,30,66,1,0.079,0,0,0
4,68,Pass,30,66,1,0.062,0,0,0
4,70,Pass,30,66,1,0.034,0,0,0
4,72,Pass,30,66,1,0.013,0,0,0
4,74,Pass,30,66,1,0.004,0,0,0
4,76,Pass,30,66,1,0.001,0,0,0
6,54,Pass,30,66,1,0,0,0,0
6,56,Pass,30,66,1,0.003,0,0,0
6,58,Pass,30,66,1,0.013,0,0,0
6,60,Pass,30,66,1,0.044,0,0,0
6,62,Pass,30,66,1,0.102,0,0,0
6,64,Pass,30,66,1,0.165,0,0,0
6,66,Pass,30,66,1,0.188,0,0,0
6,68,Pass,30,66,1,0.148,0,0,0
6,70,Pass,30,66,1,0.082,0,0,0
6,72,Pass,30,66,1,0.031,0,0,0
6,74,Pass,30,66,1,0.008,0,0,0
6,76,Pass,30,66,1,0.002,0,0,0
6,78,Pass,30,66,1,0,0,0,0
8,54,Pass,30,66,1,0.001,0,0,0
8,56,Pass,30,66,1,0.004,0,0,0
8,58,Pass,30,66,1,0.022,0,0,0
8,60,Pass,30,66,1,0.072,0,0,0
8,62,Pass,30,66,1,0.168,0,0,0
8,64,Pass,30,66,1,0.274,0,0,0
8,66,Pass,30,66,1,0.311,0,0,0
8,68,Pass,30,66,1,0.246,0,0,0
8,70,Pass,30,66,1,0.136,0,0,0
8,72,Pass,30,66,1,0.052,0,0,0
8,74,Pass,30,66,1,0.014,0,0,0
8,76,Pass,30,66,1,0.003,0,0,0
8,78,Pass,30,66,1,0,0,0,0
10,54,Pass,30,66,1,0.001,0,0,0
10,56,Pass,30,66,1,0.005,0,0,0
10,58,Pass,30,66,1,0.025,0,0,0
10,60,Pass,30,66,1,0.083,0,0,0
10,62,Pass,30,66,1,0.195,0,0,0
10,64,Pass,30,66,1,0.317,0,0,0
10,66,Pass,30,66,1,0.359,0,0,0
10,68,Pass,30,66,1,0.284,0,0,0
10,70,Pass,30,66,1,0.157,0,0,0
10,72,Pass,30,66,1,0.06,0,0,0
10,74,Pass,30,66,1,0.016,0,0,0
10,76,Pass,30,66,1,0.003,0,0,0
10,78,Pass,30,66,1,0,0,0,0
12,54,Pass,30,66,1,0.001,0,0,0
12,56,Pass,30,66,1,0.004,0,0,0
12,58,Pass,30,66,1,0.02,0,0,0
12,60,Pass,30,66,1,0.067,0,0,0
12,62,Pass,30,66,1,0.157,0,0,0
12,64,Pass,30,66,1,0.255,0,0,0
12,66,Pass,30,66,1,0.289,0,0,0
12,68,Pass,30,66,1,0.229,0,0,0
12,70,Pass,30,66,1,0.126,0,0,0
12,72,Pass,30,66,1,0.049,0,0,0
12,74,Pass,30,66,1,0.013,0,0,0
12,76,Pass,30,66,1,0.002,0,0,0
12,78,Pass,30,66,1,0,0,0,0
14,54,Pass,30,66,1,0,0,0,0
14,56,Pass,30,66,1,0.002,0,0,0
14,58,Pass,30,66,1,0.011,0,0,0
14,60,Pass,30,66,1,0.038,0,0,0
14,62,Pass,30,66,1,0.088,0,0,0
14,64,Pass,30,66,1,0.143,0,0,0
14,66,Pass,30,66,1,0.162,0,0,0
14,68,Pass,30,66,1,0.128,0,0,0
14,70,Pass,30,66,1,0.071,0,0,0
14,72,Pass,30,66,1,0.027,0,0,0
14,74,Pass,30,66,1,0.007,0,0,0
14,76,Pass,30,66,1,0.001,0,0,0
14,78,Pass,30,66,1,0,0,0,0
16,54,Pass,30,66,1,0,0,0,0
16,56,Pass,30,66,1,0.001,0,0,0
16,58,Pass,30,66,1,0.004,0,0,0
16,60,Pass,30,66,1,0.015,0,0,0
16,62,Pass,30,66,1,0.034,0,0,0
16,64,Pass,30,66,1,0.056,0,0,0
16,66,Pass,30,66,1,0.064,0,0,0
16,68,Pass,30,66,1,0.05,0,0,0
16,70,Pass,30,66,1,0.028,0,0,0
16,72,Pass,30,66,1,0.011,0,0,0
16,74,Pass,30,66,1,0.003,0,0,0
16,76,Pass,30,66,1,0.001,0,0,0
18,56,Pass,30,66,1,0,0,0,0
18,58,Pass,30,66,1,0.001,0,0,0
18,60,Pass,30,66,1,0.004,0,0,0
18,62,Pass,30,66,1,0.009,0,0,0
18,64,Pass,30,66,1,0.015,0,0,0
18,66,Pass,30,66,1,0.017,0,0,0
18,68,Pass,30,66,1,0.014,0,0,0
18,70,Pass,30,66,1,0.008,0,0,0
18,72,Pass,30,66,1,0.003,0,0,0
18,74,Pass,30,66,1,0.001,0,0,0
18,76,Pass,30,66,1,0,0,0,0
20,58,Pass,30,66,1,0,0,0,0
20,60,Pass,30,66,1,0.001,0,0,0
20,62,Pass,30,66,1,0.002,0,0,0
20,64,Pass,30,66,1,0.003,0,0,0
20,66,Pass,30,66,1,0.003,0,0,0
20,68,Pass,30,66,1,0.003,0,0,0
20,70,Pass,30,66,1,0.001,0,0,0
20,72,Pass,30,66,1,0.001,0,0,0
20,74,Pass,30,66,1,0,0,0,0
22,60,Pass,30,66,1,0,0,0,0
22,62,Pass,30,66,2,0,0,0,0
22,64,Pass,30,66,2,0.001,0,0,0
22,66,Pass,30,66,2,0.001,0,0,0
22,68,Pass,30,66,2,0,0,0,0
22,70,Pass,30,66,1,0,0,0,0
24,56,Pass,30,66,1,0,0,0,0
24,58,Pass,30,66,1,0,0,0,0
24,60,Pass,30,66,1,0.001,0,0,0
24,62,Pass,30,66,1,0.002,0,0,0
24,64,Pass,30,66,1,0.002,0,0,0
24,66,Pass,30,66,1,0.002,0,0,0
24,68,Pass,30,66,1,0.001,0,0,0
24,70,Pass,30,66,1,0,0,0,0
24,72,Pass,30,66,2,0,1,0,0.649
24,74,Pass,30,66,1,0,1,0,0.902
24,76,Pass,30,66,1,0,1,0,0.902
24,78,Pass,30,66,1,0,1,0,0.902
26,54,Pass,30,66,1,0,0,0,0
26,56,Pass,30,66,1,0.001,0,0,0
26,58,Pass,30,66,1,0.002,0,0,0
26,60,Pass,30,66,1,0.005,0,0,0
26,62,Pass,30,66,1,0.008,0,0,0
26,64,Pass,30,66,1,0.01,0,0,0
26,66,Pass,30,66,1,0.008,0,0,0
26,68,Pass,30,66,2,0.005,1,0,0.067
26,70,Pass,30,66,2,0.003,1,0,0.325
26,72,Pass,30,66,2,0.003,1,0,0.72
26,74,Pass,30,66,2,0.003,1,0,0.871
26,76,Pass,30,66,1,0.003,1,0,0.902
26,78,Pass,30,66,1,0.002,1,0,0.902
26,80,Pass,30,66,1,0.001,1,0,0.902
28,54,Pass,30,66,1,0,0,0,0
28,56,Pass,30,66,1,0.002,0,0,0
28,58,Pass,30,66,1,0.007,0,0,0
28,60,Pass,30,66,1,0.016,0,0,0
28,62,Pass,30,66,1,0.029,0,0,0
28,64,Pass,30,66,1,0.035,0,0,0
28,66,Pass,30,66,2,0.03,1,0,0.016
28,68,Pass,30,66,2,0.02,1,0,0.099
28,70,Pass,30,66,2,0.014,1,0,0.419
28,72,Pass,30,66,2,0.015,1,0,0.775
28,74,Pass,30,66,2,0.018,1,0.001,0.882
28,76,Pass,30,66,1,0.018,1,0.001,0.902
28,78,Pass,30,66,1,0.012,1,0,0.902
28,80,Pass,30,66,1,0.006,1,0,0.902
30,52,Pass,30,66,1,0,0,0,0
30,54,Pass,30,66,1,0.001,0,0,0
30,56,Pass,30,66,1,0.005,0,0,0
30,58,Pass,30,66,1,0.016,0,0,0
30,60,Pass,30,66,1,0.041,0,0,0
30,62,Pass,30,66,1,0.072,0,0,0
30,64,Pass,30,66,2,0.088,1,0,0.003
30,66,Pass,30,66,2,0.076,1,0,0.024
30,68,Pass,30,66,2,0.052,1,0,0.145
30,70,Pass,30,66,2,0.043,1,0.001,0.516
30,72,Pass,30,66,2,0.054,1,0.001,0.815
30,74,Pass,30,66,2,0.07,1,0.002,0.889
30,76,Pass,30,66,2,0.068,1,0.002,0.9
30,78,Pass,30,66,1,0.047,1,0.001,0.902
30,80,Pass,30,66,1,0.022,1,0.001,0.902
32,52,Pass,30,66,1,0,0,0,0
32,54,Pass,30,66,1,0.002,0,0,0
32,56,Pass,30,66,1,0.008,0,0,0
32,58,Pass,30,66,1,0.029,0,0,0
32,60,Pass,30,66,1,0.072,0,0,0
32,62,Pass,30,66,1,0.125,0,0,0
32,64,Pass,30,66,2,0.154,1,0,0.005
32,66,Pass,30,66,2,0.135,1,0,0.036
32,68,Pass,30,66,3,0.1,1,0.001,0.205
32,70,Pass,30,66,2,0.097,1,0.002,0.608
32,72,Pass,30,66,2,0.142,1,0.004,0.844
32,74,Pass,30,66,2,0.189,1,0.005,0.894
32,76,Pass,30,66,2,0.184,1,0.005,0.901
32,78,Pass,30,66,1,0.126,1,0.004,0.902
32,80,Pass,30,66,1,0.06,1,0.002,0.902
34,52,Pass,30,66,1,0,0,0,0
34,54,Pass,30,66,1,0.002,0,0,0
34,56,Pass,30,66,1,0.01,0,0,0
34,58,Pass,30,66,1,0.035,0,0,0
34,60,Pass,30,66,1,0.087,0,0,0
34,62,Pass,30,66,3,0.153,1,0,0.001
34,64,Pass,30,66,3,0.188,1,0,0.008
34,66,Pass,30,66,3,0.169,1,0,0.055
34,68,Pass,30,66,3,0.137,1,0.001,0.281
34,70,Pass,30,66,3,0.162,1,0.004,0.686
34,72,Pass,30,66,3,0.26,1,0.007,0.863
34,74,Pass,30,66,3,0.353,1,0.01,0.897
34,76,Pass,30,66,2,0.345,1,0.01,0.902
34,78,Pass,30,66,1,0.236,1,0.007,0.902
34,80,Pass,30,66,1,0.113,1,0.003,0.902
36,52,Pass,30,66,1,0,0,0,0
36,54,Pass,30,66,1,0.002,0,0,0
36,56,Pass,30,66,1,0.008,0,0,0
36,58,Pass,30,66,1,0.03,0,0,0
36,60,Pass,30,66,2,0.074,0,0,0
36,62,Pass,30,66,3,0.13,1,0,0.002
36,64,Pass,30,66,3,0.161,1,0,0.013
36,66,Pass,30,66,3,0.149,1,0,0.082
36,68,Pass,30,66,3,0.137,1,0.002,0.368
36,70,Pass,30,66,3,0.196,1,0.005,0.745
36,72,Pass,30,66,3,0.337,1,0.009,0.875
36,74,Pass,30,66,3,0.462,1,0.013,0.898
36,76,Pass,30,66,3,0.452,1,0.013,0.902
36,78,Pass,30,66,1,0.309,1,0.009,0.902
36,80,Pass,30,66,1,0.148,1,0.004,0.902
38,52,Pass,30,66,1,0,0,0,0
38,54,Pass,30,66,1,0.001,0,0,0
38,56,Pass,30,66,1,0.005,0,0,0
38,58,Pass,30,66,2,0.018,0,0,0
38,60,Pass,30,66,3,0.045,0,0,0.001
38,62,Pass,30,66,4,0.079,1,0,0.004
38,64,Pass,30,66,4,0.1,1,0,0.021
38,66,Pass,30,66,4,0.099,1,0,0.116
38,68,Pass,30,66,4,0.106,1,0.001,0.437
38,70,Pass,30,66,4,0.174,1,0.004,0.769
38,72,Pass,30,66,5,0.308,1,0.009,0.875
38,74,Pass,30,66,5,0.423,1,0.012,0.897
38,76,Pass,30,66,3,0.413,1,0.012,0.901
38,78,Pass,30,66,2,0.283,1,0.008,0.902
38,80,Pass,30,66,1,0.135,1,0.004,0.902
40,54,Pass,30,66,1,0,0,0,0
40,56,Pass,30,66,2,0.002,0,0,0.001
40,58,Pass,30,66,3,0.008,0,0,0.002
40,60,Pass,30,66,3,0.02,0,0,0.004
40,62,Pass,30,66,3,0.038,0,0,0.007
40,64,Pass,30,66,4,0.055,1,0,0.034
40,66,Pass,30,66,4,0.066,1,0,0.125
40,68,Pass,30,66,5,0.081,1,0.001,0.381
40,70,Pass,30,66,5,0.125,1,0.003,0.687
40,72,Pass,30,66,5,0.206,1,0.005,0.838
40,74,Pass,30,66,5,0.274,1,0.008,0.884
40,76,Pass,30,66,5,0.265,1,0.007,0.897
40,78,Pass,30,66,3,0.18,1,0.005,0.901
40,80,Pass,30,66,3,0.086,1,0.002,0.902
42,54,Pass,30,66,1,0,0,0,0
42,56,Pass,30,66,3,0.001,0,0,0.006
42,58,Pass,30,66,3,0.003,0,0,0.01
42,60,Pass,30,66,3,0.011,0,0,0.015
42,62,Pass,30,66,3,0.029,0,0,0.021
42,64,Pass,30,66,5,0.055,1,0,0.036
42,66,Pass,30,66,5,0.082,1,0,0.069
42,68,Pass,30,66,5,0.098,1,0.001,0.165
42,70,Pass,30,66,5,0.106,1,0.001,0.382
42,72,Pass,30,66,5,0.12,1,0.002,0.647
42,74,Pass,30,66,5,0.134,1,0.003,0.807
42,76,Pass,30,66,4,0.122,1,0.003,0.867
42,78,Pass,30,66,4,0.081,1,0.002,0.887
42,80,Pass,30,66,3,0.039,1,0.001,0.894
44,56,Pass,30,66,3,0.001,0,0,0.011
44,58,Pass,30,66,3,0.004,0,0,0.014
44,60,Pass,30,66,3,0.016,0,0,0.017
44,62,Pass,30,66,3,0.047,0,0,0.02
44,64,Pass,30,66,5,0.101,1,0,0.024
44,66,Pass,30,66,5,0.155,1,0,0.031
44,68,Pass,30,66,5,0.171,1,0,0.051
44,70,Pass,30,66,5,0.142,1,0,0.11
44,72,Pass,30,66,5,0.1,1,0.001,0.259
44,74,Pass,30,66,4,0.07,1,0.001,0.488
44,76,Pass,30,66,4,0.049,1,0.001,0.669
44,78,Pass,30,66,4,0.03,1,0.001,0.759
44,80,Pass,30,66,3,0.013,1,0,0.805
46,56,Pass,30,66,2,0.001,0,0,0.007
46,58,Pass,30,66,2,0.006,0,0,0.009
46,60,Pass,30,66,3,0.027,0,0,0.01
46,62,Pass,30,66,4,0.082,0,0,0.012
46,64,Pass,30,66,4,0.176,0,0,0.014
46,66,Pass,30,66,5,0.264,1,0,0.016
46,68,Pass,30,66,5,0.282,1,0,0.021
46,70,Pass,30,66,5,0.219,1,0,0.03
46,72,Pass,30,66,4,0.133,1,0,0.056
46,74,Pass,30,66,4,0.071,1,0,0.114
46,76,Pass,30,66,4,0.037,1,0,0.196
46,78,Pass,30,66,4,0.018,1,0,0.273
46,80,Pass,30,66,3,0.007,1,0,0.342
48,54,Pass,30,66,1,0,0,0,0
48,56,Pass,30,66,2,0.001,0,0,0.004
48,58,Pass,30,66,2,0.009,0,0,0.005
48,60,Pass,30,66,2,0.038,0,0,0.005
48,62,Pass,30,66,3,0.113,0,0,0.006
48,64,Pass,30,66,3,0.237,0,0,0.007
48,66,Pass,30,66,3,0.351,0,0,0.009
48,68,Pass,30,66,3,0.369,0,0,0.01
48,70,Pass,30,66,4,0.287,1,0,0.012
48,72,Pass,30,66,4,0.179,1,0,0.014
48,74,Pass,30,66,4,0.101,1,0,0.018
48,76,Pass,30,66,4,0.055,1,0,0.023
48,78,Pass,30,66,4,0.026,1,0,0.03
48,80,Pass,30,66,4,0.009,1,0,0.038
50,54,Pass,30,66,1,0,0,0,0
50,56,Pass,30,66,2,0.001,0,0,0.002
50,58,Pass,30,66,2,0.009,0,0,0.002
50,60,Pass,30,66,2,0.038,0,0,0.003
50,62,Pass,30,66,3,0.113,0,0,0.003
50,64,Pass,30,66,3,0.236,0,0,0.004
50,66,Pass,30,66,3,0.346,0,0,0.004
50,68,Pass,30,66,3,0.365,0,0,0.005
50,70,Pass,30,66,3,0.29,0,0,0.005
50,72,Pass,30,66,3,0.194,0,0,0.005
50,74,Pass,30,66,3,0.123,0,0,0.003
50,76,Pass,30,66,3,0.073,0,0,0.001
50,78,Pass,30,66,3,0.036,0,0,0.001
50,80,Pass,30,66,3,0.013,0,0,0
52,54,Pass,30,66,1,0,0,0,0
52,56,Pass,30,66,1,0.001,0,0,0
52,58,Pass,30,66,2,0.006,0,0,0.001
52,60,Pass,30,66,2,0.027,0,0,0.001
52,62,Pass,30,66,3,0.081,0,0,0.002
52,64,Pass,30,66,3,0.169,0,0,0.002
52,66,Pass,30,66,3,0.248,0,0,0.002
52,68,Pass,30,66,3,0.264,0,0,0.003
52,70,Pass,30,66,3,0.218,0,0,0.003
52,72,Pass,30,66,3,0.16,0,0,0.002
52,74,Pass,30,66,3,0.113,0,0,0.001
52,76,Pass,30,66,3,0.072,0,0,0.001
52,78,Pass,30,66,3,0.037,0,0,0
52,80,Pass,30,66,2,0.014,0,0,0
54,56,Pass,30,66,1,0.001,0,0,0
54,58,Pass,30,66,2,0.003,0,0,0.001
54,60,Pass,30,66,2,0.014,0,0,0.001
54,62,Pass,30,66,3,0.041,0,0,0.001
54,64,Pass,30,66,3,0.085,0,0,0.001
54,66,Pass,30,66,3,0.126,0,0,0.001
54,68,Pass,30,66,3,0.137,0,0,0.001
54,70,Pass,30,66,3,0.12,0,0,0.001
54,72,Pass,30,66,3,0.096,0,0,0.001
54,74,Pass,30,66,3,0.075,0,0,0
54,76,Pass,30,66,3,0.051,0,0,0
54,78,Pass,30,66,3,0.026,0,0,0
54,80,Pass,30,66,1,0.01,0,0,0
56,56,Pass,30,66,1,0,0,0,0
56,58,Pass,30,66,1,0.001,0,0,0
56,60,Pass,30,66,1,0.005,0,0,0
56,62,Pass,30,66,3,0.015,0,0,0
56,64,Pass,30,66,3,0.03,0,0,0
56,66,Pass,30,66,3,0.045,0,0,0.001
56,68,Pass,30,66,3,0.051,0,0,0.001
56,70,Pass,30,66,3,0.047,0,0,0.001
56,72,Pass,30,66,3,0.042,0,0,0
56,74,Pass,30,66,3,0.036,0,0,0
56,76,Pass,30,66,2,0.025,0,0,0
56,78,Pass,30,66,2,0.013,0,0,0
56,80,Pass,30,66,1,0.005,0,0,0
58,58,Pass,30,66,1,0,0,0,0
58,60,Pass,30,66,1,0.001,0,0,0
58,62,Pass,30,66,1,0.004,0,0,0
58,64,Pass,30,66,3,0.008,0,0,0
58,66,Pass,30,66,3,0.011,0,0,0
58,68,Pass,30,66,3,0.013,0,0,0
58,70,Pass,30,66,3,0.014,0,0,0
58,72,Pass,30,66,3,0.013,0,0,0
58,74,Pass,30,66,2,0.012,0,0,0
58,76,Pass,30,66,2,0.009,0,0,0
58,78,Pass,30,66,1,0.005,0,0,0
58,80,Pass,30,66,1,0.002,0,0,0
60,60,Pass,30,66,1,0,0,0,0
60,62,Pass,30,66,1,0.001,0,0,0
60,64,Pass,30,66,2,0.001,0,0,0
60,66,Pass,30,66,2,0.002,0,0,0
60,68,Pass,30,66,2,0.002,0,0,0
60,70,Pass,30,66,2,0.003,0,0,0
60,72,Pass,30,66,2,0.003,0,0,0
60,74,Pass,30,66,2,0.003,0,0,0
60,76,Pass,30,66,1,0.002,0,0,0
60,78,Pass,30,66,1,0.001,0,0,0
60,80,Pass,30,66,1,0,0,0,0
62,64,Pass,30,66,1,0,0,0,0
62,66,Pass,30,66,2,0,0,0,0
62,68,Pass,30,66,2,0,0,0,0
62,70,Pass,30,66,2,0,0,0,0
62,72,Pass,30,66,1,0,0,0,0
62,74,Pass,30,66,1,0,0,0,0
62,76,Pass,30,66,1,0,0,0,0
62,78,Pass,30,66,1,0,0,0,0
62,80,Pass,30,66,1,0,0,0,0
64,70,Pass,30,66,1,0,0,0,0
64,72,Pass,30,66,1,0,0,0,0
64,74,Pass,30,66,1,0,0,0,0
64,76,Pass,30,66,1,0,0,0,0
